50  1111000011001000
100  0001100001101100
150  0000110000110110
200  0000011000011011
250  1000001100001101
300  1100000110000110
350  0110000011000011
400  1011000001100001
450  1101100000110000
500  0110110000011000
550  0011011000001100
600  0001101100000110
650  0000110110000011
700  1000011011000001
750  1100001101100000
50  1110111100010101
100  0011000110011110
150  0001100011000011
200  1000110001100001
250  1100011000110000
300  0110001100011000
350  0011000110001100
400  0001100011000110
450  0000110001100011
500  1000011000110001
550  1100001100011000
600  0110000110001100
650  0011000011000110
700  0001100001100011
750  1000110000110001
800  1100011000011000
850  0110001100001100
900  0011000110000110
950  0001100011000011
1000  1000110001100001
1050  1100011000110000
1100  0110001100011000
1150  0011000110001100
1200  0001100011000110
1250  0000110001100011
1300  1000011000110001
1350  1100001100011000
1400  0110000110001100
1450  0011000011000110
1500  0001100001100011
1550  1000110000110001
1600  1100011000011000
50  0010100100110011
100  1011110110011001
150  1100011011001100
200  0110001101100110
250  0011000110110011
300  1001100011011001
350  1100110001101100
400  0110011000110110
450  0011001100011011
500  1001100110001101
550  1100110011000110
600  0110011001100011
650  1011001100110001
700  1101100110011000
750  0110110011001100
800  0011011001100110
850  0001101100110011
900  1000110110011001
950  1100011011001100
1000  0110001101100110
1050  0011000110110011
1100  1001100011011001
1150  1100110001101100
1200  0110011000110110
1250  0011001100011011
1300  1001100110001101
50  1111100111001110
100  0000110001100011
150  1000011000110001
200  1100001100011000
250  0110000110001100
300  0011000011000110
350  0001100001100011
400  1000110000110001
450  1100011000011000
500  0110001100001100
550  0011000110000110
600  0001100011000011
650  1000110001100001
700  1100011000110000
750  0110001100011000
800  0011000110001100
850  0001100011000110
900  0000110001100011
950  1000011000110001
1000  1100001100011000
1050  0110000110001100
50  0011111011111011
100  1000001100001101
150  1100000110000110
200  0110000011000011
250  1011000001100001
300  1101100000110000
350  0110110000011000
400  0011011000001100
450  0001101100000110
500  0000110110000011
550  1000011011000001
600  1100001101100000
650  0110000110110000
700  0011000011011000
750  0001100001101100
800  0000110000110110
850  0000011000011011
900  1000001100001101
950  1100000110000110
1000  0110000011000011
1050  1011000001100001
1100  1101100000110000
1150  0110110000011000
1200  0011011000001100
1250  0001101100000110
1300  0000110110000011
1350  1000011011000001
1400  1100001101100000
1450  0110000110110000
1500  0011000011011000
1550  0001100001101100
1600  0000110000110110
1650  0000011000011011
1700  1000001100001101
1750  1100000110000110
1800  0110000011000011
1850  1011000001100001
1900  1101100000110000
1950  0110110000011000
2000  0011011000001100
2050  0001101100000110
2100  0000110110000011
2150  1000011011000001
2200  1100001101100000
2250  0110000110110000
2300  0011000011011000
2350  0001100001101100
2400  0000110000110110
2450  0000011000011011
2500  1000001100001101
2550  1100000110000110
2600  0110000011000011
2650  1011000001100001
2700  1101100000110000
2750  0110110000011000
2800  0011011000001100
2850  0001101100000110
2900  0000110110000011
2950  1000011011000001
50  0100011100001110
100  0110000110000011
150  1011000011000001
200  1101100001100000
250  0110110000110000
300  0011011000011000
350  0001101100001100
400  0000110110000110
450  0000011011000011
500  1000001101100001
550  1100000110110000
600  0110000011011000
650  0011000001101100
700  0001100000110110
750  0000110000011011
800  1000011000001101
850  1100001100000110
900  0110000110000011
950  1011000011000001
1000  1101100001100000
1050  0110110000110000
1100  0011011000011000
1150  0001101100001100
1200  0000110110000110
1250  0000011011000011
1300  1000001101100001
1350  1100000110110000
1400  0110000011011000
1450  0011000001101100
1500  0001100000110110
1550  0000110000011011
1600  1000011000001101
1650  1100001100000110
1700  0110000110000011
1750  1011000011000001
1800  1101100001100000
1850  0110110000110000
1900  0011011000011000
1950  0001101100001100
2000  0000110110000110
2050  0000011011000011
2100  1000001101100001
2150  1100000110110000
2200  0110000011011000
2250  0011000001101100
2300  0001100000110110
2350  0000110000011011
2400  1000011000001101
2450  1100001100000110
2500  0110000110000011
2550  1011000011000001
2600  1101100001100000
2650  0110110000110000
2700  0011011000011000
2750  0001101100001100
2800  0000110110000110
2850  0000011011000011
2900  1000001101100001
2950  1100000110110000
3000  0110000011011000
3050  0011000001101100
3100  0001100000110110
3150  0000110000011011
3200  1000011000001101
3250  1100001100000110
3300  0110000110000011
3350  1011000011000001
3400  1101100001100000
3450  0110110000110000
3500  0011011000011000
3550  0001101100001100
3600  0000110110000110
3650  0000011011000011
3700  1000001101100001
3750  1100000110110000
3800  0110000011011000
3850  0011000001101100
3900  0001100000110110
3950  0000110000011011
4000  1000011000001101
4050  1100001100000110
4100  0110000110000011
4150  1011000011000001
4200  1101100001100000
4250  0110110000110000
4300  0011011000011000
4350  0001101100001100
4400  0000110110000110
4450  0000011011000011
4500  1000001101100001
4550  1100000110110000
4600  0110000011011000
4650  0011000001101100
4700  0001100000110110
4750  0000110000011011
4800  1000011000001101
4850  1100001100000110
4900  0110000110000011
4950  1011000011000001
5000  1101100001100000
5050  0110110000110000
5100  0011011000011000
5150  0001101100001100
5200  0000110110000110
5250  0000011011000011
5300  1000001101100001
5350  1100000110110000
5400  0110000011011000
5450  0011000001101100
5500  0001100000110110
5550  0000110000011011
5600  1000011000001101
5650  1100001100000110
50  0001001011110100
100  0001101100011110
150  0000110110000011
200  1000011011000001
250  1100001101100000
300  0110000110110000
350  0011000011011000
400  0001100001101100
450  0000110000110110
500  0000011000011011
550  1000001100001101
600  1100000110000110
650  0110000011000011
700  1011000001100001
750  1101100000110000
800  0110110000011000
850  0011011000001100
900  0001101100000110
950  0000110110000011
1000  1000011011000001
1050  1100001101100000
1100  0110000110110000
1150  0011000011011000
1200  0001100001101100
1250  0000110000110110
1300  0000011000011011
1350  1000001100001101
1400  1100000110000110
1450  0110000011000011
1500  1011000001100001
1550  1101100000110000
1600  0110110000011000
1650  0011011000001100
1700  0001101100000110
1750  0000110110000011
1800  1000011011000001
1850  1100001101100000
1900  0110000110110000
1950  0011000011011000
2000  0001100001101100
2050  0000110000110110
2100  0000011000011011
2150  1000001100001101
2200  1100000110000110
2250  0110000011000011
2300  1011000001100001
2350  1101100000110000
2400  0110110000011000
2450  0011011000001100
2500  0001101100000110
2550  0000110110000011
2600  1000011011000001
2650  1100001101100000
2700  0110000110110000
2750  0011000011011000
2800  0001100001101100
2850  0000110000110110
2900  0000011000011011
2950  1000001100001101
3000  1100000110000110
3050  0110000011000011
3100  1011000001100001
3150  1101100000110000
3200  0110110000011000
3250  0011011000001100
3300  0001101100000110
3350  0000110110000011
3400  1000011011000001
3450  1100001101100000
3500  0110000110110000
3550  0011000011011000
3600  0001100001101100
3650  0000110000110110
3700  0000011000011011
3750  1000001100001101
3800  1100000110000110
3850  0110000011000011
3900  1011000001100001
3950  1101100000110000
50  1111011001001110
100  0001101101100011
150  1000110110110001
200  1100011011011000
250  0110001101101100
50  0001101110010110
100  0000110011011011
150  1000011001101101
200  1100001100110110
250  0110000110011011
300  1011000011001101
350  1101100001100110
400  0110110000110011
450  1011011000011001
500  1101101100001100
550  0110110110000110
600  0011011011000011
650  1001101101100001
700  1100110110110000
750  0110011011011000
800  0011001101101100
850  0001100110110110
900  0000110011011011
950  1000011001101101
1000  1100001100110110
1050  0110000110011011
1100  1011000011001101
1150  1101100001100110
1200  0110110000110011
1250  1011011000011001
1300  1101101100001100
1350  0110110110000110
1400  0011011011000011
1450  1001101101100001
1500  1100110110110000
1550  0110011011011000
1600  0011001101101100
1650  0001100110110110
1700  0000110011011011
1750  1000011001101101
1800  1100001100110110
1850  0110000110011011
1900  1011000011001101
1950  1101100001100110
2000  0110110000110011
2050  1011011000011001
2100  1101101100001100
2150  0110110110000110
2200  0011011011000011
2250  1001101101100001
2300  1100110110110000
2350  0110011011011000
50  1001101100011100
100  1100110110000110
150  0110011011000011
200  1011001101100001
250  1101100110110000
300  0110110011011000
350  0011011001101100
400  0001101100110110
450  0000110110011011
500  1000011011001101
550  1100001101100110
600  0110000110110011
650  1011000011011001
50  0101111100110001
100  1110000110011001
150  0011000011001100
200  0001100001100110
250  0000110000110011
300  1000011000011001
350  1100001100001100
400  0110000110000110
450  0011000011000011
500  1001100001100001
550  1100110000110000
